ground: 10
rock: 8.941176470588236
fire: 7.794117647058823
ice: 7.794117647058823
water: 6.764705882352942
flying: 6.764705882352942
fairy: 6.764705882352942
fighting: 6.5588235294117645
steel: 5.6764705882352935
dark: 4.705882352941177
ghost: 4.676470588235294
psychic: 3.6470588235294117
dragon: 2.735294117647059
electric: 2.6470588235294117
grass: 2.588235294117647
bug: 2.588235294117647
poison: 1.676470588235294
normal: 0